ghostUp
12
8,301,34,47
8,351,34,47
158,301,34,47
158,351,34,47
58,301,34,47
58,351,34,47
258,301,34,47
258,351,34,47
208,301,34,47
208,351,34,47
108,301,34,47
108,351,34,47
ghostDown
12
8,101,34,47
8,151,34,47
158,101,34,47
158,151,34,47
58,101,34,47
58,151,34,47
258,101,34,47
258,151,34,47
208,101,34,47
208,151,34,47
108,101,34,47
108,151,34,47
ghostLeft
12
8,201,35,48
8,251,35,48
158,201,35,48
158,251,35,48
58,201,35,48
58,251,35,48
258,201,35,48
258,251,35,48
208,201,35,48
208,251,35,48
108,201,35,48
108,251,35,48
ghostRight
12
8,201,35,48
8,251,35,48
158,1,35,48
158,51,35,48
58,1,35,48
58,51,35,48
258,1,35,48
258,51,35,48
208,1,35,48
208,51,35,48
108,1,35,48
108,51,35,48
ghostDangerUp
2
9,851,34,47
9,901,34,46
ghostDangerDown
2
9,651,34,47
9,701,34,46
ghostDangerLeft
2
9,751,33,47
9,801,33,47
ghostDangerRight
2
9,551,33,47
9,601,33,47
ghostDeadUp
1
309,406,31,15
ghostDeadDown
1
308,313,33,17
ghostDeadLeft
1
308,358,19,21
ghostDeadRight
1
322,258,20,21
pacmanLeft
4
851,305,47,40
852,353,46,47
855,403,43,47
852,353,46,47
pacmanRight
4
852,5,47,40
852,53,46,43
852,103,43,43
852,53,46,43
pacmanUp
4
855,454,38,41
855,504,38,41
855,554,38,41
855,504,38,41
pacmanDown
4
855,157,38,39
855,206,38,40
855,254,38,42
855,206,38,40
pacmanDeath
13
351,3,46,43
357,57,36,37
357,107,38,35
361,160,28,30
351,3,46,43
357,57,36,37
357,107,38,35
361,160,28,30
351,3,46,43
357,57,36,37
357,107,38,35
361,160,28,30
362,512,26,26
dot
1
416,266,18,18
powerDot
2
533,600,30,30
567,603,30,30
prize
19
555,55,39,39
557,106,36,38
556,156,38,38
557,206,37,37
557,257,37,36
557,307,36,36
557,357,36,36
557,407,36,36
602,508,46,34
605,458,40,33
610,402,30,45
608,352,33,45
607,304,33,42
602,258,45,34
603,212,44,27
608,152,33,45
606,104,37,42
602,53,45,42
607,3,35,44
